output,nstep_coarse,aexp,z,time
30,1150,0.0911133799297227,9.97533645191647,0.4869741738410614
31,1265,0.0929719130325735,9.755936576777133,0.5019583719853813
32,1379,0.0948204602037033,9.546247063679028,0.5170086958983026
33,1492,0.0966381289796646,9.347882461698202,0.531951596324673
34,1608,0.0984479846974287,9.15764825530368,0.5469688678619834
35,1729,0.100238927117407,8.976164238357503,0.5619616042239345
36,1870,0.102010578345846,8.802904916485275,0.5769271160860558
37,2000,0.103706145806481,8.642630070025282,0.5913718331213584
38,2005,0.103772878354171,8.636429246831298,0.5919430195065057
39,2135,0.105518535424414,8.47700795862855,0.6069414683119781
40,2258,0.107244681269089,8.324471742247873,0.6218912991854704
41,2378,0.108957672104662,8.177875964892358,0.6368465325532133
42,2504,0.110669034767823,8.035951222471038,0.651906558331729
43,2623,0.112355526241919,7.900318777795084,0.6668593217865078
44,2739,0.114042304405226,7.768675845471384,0.6819258744053542
45,2853,0.115702868784546,7.642828051758439,0.6968663219630142
46,2969,0.117357458159821,7.5209752808225385,0.7118581049463409
47,3085,0.119002866823903,7.403158904396573,0.7268713495177165
48,3114,0.11941553188558,7.3741200513025955,0.7306529778886893
49,3199,0.120636004466841,7.289399208963923,0.7418742950789593
50,3309,0.122244466247295,7.180329389937745,0.756748440134019
51,3419,0.123865624719131,7.073264897081252,0.7718360980569503
52,3526,0.1254553991338,6.970960252842411,0.7867293297842841
53,3633,0.127058295676225,6.87040306717351,0.8018404786423031
54,3741,0.12863721644538,6.77380005283778,0.8168177141764461
55,3848,0.130209461391346,6.679933465007498,0.8318176231981567
56,3949,0.131769885160775,6.588987413777287,0.8467944853737457
57,4054,0.133318820041334,6.500816461546549,0.8617480857585682
58,4074,0.13361445035752,6.484220436668649,0.8646102096109148
59,4157,0.134864350491881,6.414857939498261,0.8767533331289646
60,4255,0.136401747741952,6.3312843607533775,0.8917613242249491
61,4352,0.137919343610279,6.250614553573549,0.9066624533394257
62,4446,0.139434553695462,6.171823436134007,0.9216215560645847
63,4542,0.140950743412341,6.094677018301164,0.9366624329531867
64,4637,0.142447695357692,6.0201205957664605,0.9515976264561156
65,4728,0.143952911328402,5.946716052992389,0.9666840094489932
66,4821,0.145437211126597,5.875819415497055,0.9816491858709604
67,4912,0.146920993050465,5.806379260290707,0.996672720710504
68,4939,0.147345887477705,5.786752023542636,1.0009916976653461
69,5003,0.148394131643776,5.738810955142932,1.0116653531290771
70,5089,0.149850476094674,5.673318804594323,1.0265652388177682
71,5178,0.1513186048781,5.608572692073027,1.0416453772218541
72,5265,0.152766666057959,5.545930639218143,1.056594617608375
73,5350,0.154209726618519,5.484675266131432,1.0715568675167524
74,5434,0.155656105403882,5.424418736452983,1.086632079172437
75,5521,0.157081885095765,5.366106437991559,1.1015514356917235
76,5620,0.158513102848939,5.308626744585194,1.1165962819687885
77,5707,0.15992826744569,5.2528033097062705,1.1315400213734206
78,5742,0.160551783761225,5.228520023715307,1.1381406104907406
79,5789,0.161342408845707,5.1979984503411485,1.1465293631852378
80,5872,0.162754514373201,5.144222812197823,1.161563400349165
81,5956,0.164146008309064,5.092137178975072,1.1764405949435448
82,6037,0.16554955297695,5.040487467454733,1.1915064720368091
83,6116,0.166939992361244,4.990176385273127,1.2064961281099633
84,6196,0.168327535723166,4.940798667929263,1.2215159575691186
85,6272,0.169705503159391,4.892560826744544,1.2364896022874166
86,6348,0.171070565520525,4.8455409728567265,1.2513765506706611
87,6426,0.17244747322827,4.798867221883226,1.26645118224002
88,6503,0.173804019407891,4.753606869431227,1.2813694913765687
89,6579,0.175162107739385,4.708997299163871,1.296352506701618
90,6662,0.176525755202116,4.664895747677352,1.311447805598854
91,6737,0.177872744319786,4.621996803524683,1.3264275127250509
92,6811,0.179216403697185,4.579846372152748,1.3414106365998222
93,6882,0.18054729638093,4.538714896567254,1.356312195577789
94,6954,0.181886394226332,4.497937348494802,1.3713553312443096
95,6969,0.182176303742164,4.489188107665804,1.3746232546846164
96,7024,0.183213091900383,4.458125233450686,1.3863097350727192
97,7094,0.184538403139373,4.41892626677141,1.401304407628907
98,7166,0.185856485508209,4.3804955865036606,1.4162646450380227
99,7237,0.187179786039384,4.342457223396936,1.431338640039628
100,7307,0.188493412437212,4.305225191002919,1.446354357442508
101,7374,0.18979250042589,4.268912089550551,1.4612410086198635
102,7441,0.191096236617241,4.232965429889467,1.4762426143306913
103,7506,0.192391415425047,4.19773711207809,1.4911798595097117
104,7574,0.193693573624121,4.162793898059756,1.506261523097443
105,7641,0.194975420349054,4.128851617346196,1.5211514018496324
106,7647,0.195090454135073,4.1258274241734,1.5224880228549869
107,7708,0.196262227114942,4.095223949610766,1.5361277215148035
108,7774,0.197545257573068,4.062131140405231,1.5511264648080498
109,7843,0.19883882836049,4.029198815168153,1.5662962220864038
110,7920,0.200105220007505,3.997370882990932,1.5811737896398634
111,7997,0.201385265971296,3.9656065709520814,1.5962624945312391
112,8069,0.202639153465229,3.9348804655936878,1.6111052291767898
113,8142,0.203912439720263,3.9040656929604136,1.6262024868097373
114,8148,0.204019600374742,3.9014898478538624,1.6274755138947354
115,8213,0.205160131918131,3.8742413579605675,1.6410403491657166
116,8285,0.206431446625061,3.8442231857062374,1.6561969154271532
117,8355,0.207684702980909,3.814991117048823,1.6711940079213818
118,8426,0.208927755204861,3.7863434851892457,1.6861181035554185
119,8450,0.209329005096522,3.7771688378249264,1.6909322539423597
120,8497,0.21016545888414,3.7581558135643967,1.7010018164463312
121,8568,0.211408775854764,3.7301726049773416,1.7160025411142545
122,8650,0.212659401157492,3.7023550078532237,1.7311211887582263
123,8719,0.213886554868353,3.675375694444652,1.746001886206428
124,8772,0.214843667624962,3.6545472391843177,1.7576407243708803
125,8789,0.215131400052777,3.6483219081671736,1.7611298412582996
126,8854,0.216361139017031,3.621902087145531,1.7761321282642268
127,8925,0.217575096007848,3.596114253645692,1.790972660613935
128,8992,0.218808091533699,3.5702148992327745,1.8060919016490953
129,9058,0.220021895771072,3.545002198510635,1.821003658463124
130,9089,0.220591420936268,3.533267865792996,1.8280138519814932
131,9124,0.221234153871753,3.5200977448522215,1.835945584938151
132,9190,0.222447713149976,3.495438437372436,1.8509260162227565
133,9255,0.223662639663415,3.4710193955721795,1.8659715581007361
134,9319,0.224872189308073,3.446970535026937,1.8809815970231005
135,9383,0.226084303798112,3.423128820534912,1.8960614842929837
136,9385,0.226121552362733,3.4224002071056434,1.8965263736162759
137,9446,0.227273369142143,3.399987573443207,1.9108965665310846
138,9509,0.2284840411056,3.376673290445801,1.9260253384836399
139,9572,0.229670600375756,3.3540618536457654,1.9408964653399041
140,9638,0.230860127125404,3.3316271737856082,1.9558379657184815
141,9696,0.231983011881202,3.3106604741906613,1.969965958642862
142,9700,0.232057869968605,3.3092699253651237,1.9709120245990783
143,9763,0.233246885373288,3.2873026938799264,1.9859177841772955
144,9827,0.234423212953448,3.2657891571453765,2.0007918797113353
145,9890,0.235607118831852,3.244353926816955,2.0157904042361374
146,9952,0.236790517883285,3.223142079079805,2.030828978695761
147,10007,0.237860123344852,3.2041515237515874,2.044464591800657
148,10013,0.237977101047116,3.2020849720411313,2.045948616804884
149,10072,0.23914321549964,3.1815946896536795,2.0608324617384963
150,10132,0.240324469249768,3.1610411254490494,2.075945814205081
151,10192,0.241476130730017,3.1411960551829967,2.0907153102812246
152,10252,0.242656284258555,3.1210554387888036,2.1058716328180673
153,10311,0.24381880540518,3.1014063633778868,2.1208290088858295
154,10369,0.244978361052966,3.08199318381346,2.1357794502918828
155,10430,0.246136598592652,3.062784672079455,2.150754893462808
156,10488,0.24729094352852,3.043819744189986,2.1657190750010127
157,10547,0.248459014991955,3.0248086793404525,2.180884820142588
158,10603,0.249598978770025,3.006426648569656,2.1957141580963824
159,10622,0.249990931918467,3.0001450945674453,2.2008247981099225
160,10660,0.250745383045529,2.988109323705575,2.210652799278733
161,10717,0.251892537592275,2.969946904972019,2.2256257535724284
162,10773,0.25303940853832,2.9519535940132466,2.2406409107427843
163,10830,0.254188780590223,2.9340839421709064,2.255719448090282
164,10887,0.255335666055646,2.91641330585625,2.2707884078186593
165,10932,0.256279997657218,2.9019822426310826,2.2831975327394574
166,10941,0.256464469570688,2.899175592135483,2.2856396525843032
167,10994,0.257604361686885,2.881921848883475,2.3006644485848042
168,11050,0.258733704189759,2.8649777118584665,2.3156117976651016
169,11107,0.25986416607545,2.8481642740602258,2.330580530612716
170,11162,0.261004260428613,2.8313550834681065,2.345692407707892
171,11215,0.262136734847622,2.814802990436621,2.3607224921648675
172,11233,0.262522796861406,2.809192999448087,2.3658816176827706
173,11270,0.263246003599116,2.798728133866941,2.3755134517342413
174,11324,0.264382998409392,2.782391477577235,2.3906855635127005
175,11381,0.265498712758192,2.7664966041126124,2.405583852115779
176,11438,0.266614424201881,2.750734803615869,2.420518253926454
177,11491,0.267727261255348,2.735144472442193,2.4354628192240546
178,11523,0.26838509648587,2.7259893082500137,2.444261276468854
179,11545,0.268846929241134,2.719588699869734,2.450503379762818
180,11598,0.269975493267626,2.704039903387463,2.4656642496123045
181,11648,0.271067319415418,2.689120481792469,2.480408821386129
182,11701,0.272184574779251,2.6739774868249855,2.4955002827536332
183,11754,0.273299748834845,2.658986165421981,2.510565006824006
184,11793,0.274143794853099,2.6477207172821617,2.5220284010810023
185,11805,0.274403693091017,2.644265821409007,2.525540678346614
186,11855,0.275497307686357,2.62979953741857,2.540394827668038
187,11907,0.276610475246603,2.615192082326177,2.5555107537087283
188,11956,0.277697481566418,2.6010409397999026,2.5703308855447333
189,12009,0.278807668896744,2.586701915184221,2.58548572156741
190,12057,0.279833827224813,2.5735493807781133,2.5994780201960856
191,12060,0.279897180099563,2.5727405315204934,2.600349544350637
192,12109,0.28099508171155,2.558781149865571,2.615399271688447
193,12158,0.282086435806356,2.545012709106192,2.630366061866459
194,12208,0.283181821492203,2.5313001192328777,2.645378047528575
195,12258,0.2842796140404,2.5176634222455587,2.6605101386757655
196,12305,0.285364811682245,2.5042862997190576,2.6754539024371957
197,12306,0.285387419149014,2.5040087015113084,2.675766826692008
198,12352,0.286454462317763,2.4909562654698787,2.6904776419492964
199,12399,0.287541198533257,2.4777625088195494,2.7055171827024647
200,12448,0.288613922788138,2.464836312605983,2.7203408121024037
201,12496,0.289689861074814,2.4519675500197935,2.7352732780589757
202,12543,0.29077331747021,2.439105103247484,2.750316463939924
203,12591,0.291851985592706,2.426394368944092,2.7652939056896124
204,12639,0.292934237304412,2.4137354827555306,2.7803910806751175
205,12687,0.294003323630226,2.401322092731579,2.7952755602952926
206,12733,0.295087059864498,2.3888304029976553,2.810432069052932
207,12739,0.295226382232592,2.387231156096873,2.812373829519786
208,12778,0.296139195999516,2.3767904198728034,2.825146126208867
209,12826,0.297212805513536,2.36459257962375,2.840175928448119
210,12873,0.29828470355698,2.352501781268762,2.8552315768972556
211,12920,0.299365326233387,2.340400214620694,2.870374658511595
212,12966,0.30041682850506,2.3287083316078503,2.8852103247484577
213,12976,0.300664117629747,2.3259705477440797,2.8886809527732593
214,13011,0.301482630401473,2.316940676377733,2.9002039173450775
215,13056,0.302540084105025,2.305347134275457,2.9151414464675907
216,13102,0.303601109646427,2.2937956029363566,2.9301194973307
217,13146,0.304660478460608,2.282342380123643,2.9451035718764023
218,13190,0.305713483917271,2.2710366163325975,2.9600255113710636
219,13195,0.305832580728714,2.2697628147311124,2.961719625176781
220,13236,0.306791963007717,2.2595377994789456,2.9753050852480816
221,13283,0.307847529614394,2.2483612951274536,2.9903215452194445
222,13327,0.308881042233116,2.2374923134495535,3.00499063773498
223,13371,0.309932169018718,2.22651244356505,3.019997097267401
224,13402,0.310661505417732,2.218937597869896,3.030381600216454
225,13416,0.311002081057199,2.2154125676608625,3.0352133306455755
226,13459,0.31204823535519,2.2046327673083828,3.050203288858463
227,13501,0.313088621450036,2.193983848306618,3.0650396572413077
228,13546,0.314133742965595,2.1833574787587318,3.080036871599846
229,13586,0.315064459497188,2.173953677910552,3.0933301316363604
230,13592,0.315192132968812,2.1726680186492766,3.095173676170764
231,13636,0.316239433831825,2.1621609863234084,3.110237766213536
232,13679,0.317275337023506,2.1518365385139058,3.1250960240177657
233,13722,0.318320149328459,2.141491363677858,3.1401640358313094
234,13766,0.319364533866086,2.131218072008315,3.155187341610919
235,13767,0.319388999926908,2.1309782122391487,3.155541090019136
236,13808,0.320386010405055,2.1212349089016973,3.1699566051352335
237,13851,0.321438238973839,2.111017541635385,3.1851167871805997
238,13895,0.32247267213775,2.1010379681811675,3.200104483611827
239,13937,0.323508076063929,2.0911129396423114,3.2150581522332518
240,13940,0.323581146171334,2.0904149139471397,3.216122776666569
241,13979,0.324543329476876,2.081252668516951,3.2301046119660137
242,14021,0.3255634081647,2.0715982660253633,3.2448694767367874
243,14064,0.326600447444411,2.0618451622611595,3.2599909959623603
244,14106,0.327621861000963,2.0522993702091834,3.274793875315007
245,14115,0.327850126003644,2.050174212801386,3.278137452730956
246,14149,0.328655273970796,2.042701819198127,3.2898889518126224
247,14190,0.32968632190296,2.033186194161675,3.304884425783663
248,14231,0.330715085190518,2.023750789668155,3.319941979904701
249,14273,0.331749873497359,2.014319159967851,3.3350468230963277
250,14276,0.33182597063746,2.01362789078544,3.336151405008249
251,14314,0.332760446680336,2.005164856509052,3.349852149672057
252,14356,0.333794132690317,1.9958585309459784,3.3649780494621138
253,14397,0.334803212059442,1.9868291700333414,3.379774067624574
254,14418,0.33532410011251,1.9821894688287358,3.387444012182989
255,14438,0.335838113691461,1.9776251093367962,3.3949786085155607
256,14478,0.336849742747729,1.968682688734937,3.409831666842365
257,14522,0.337861962212665,1.9597886469698431,3.424750898419469
258,14537,0.338252965563821,1.9563672807218055,3.4304942055839716
259,14562,0.338890159360135,1.9508086097516646,3.4398382127843274
260,14604,0.339910087072896,1.9419544698170235,3.454927311603811
261,14642,0.340923552938115,1.9332089008867088,3.469853000565286
262,14658,0.341360276034518,1.9294562671928497,3.476299642577318
263,14680,0.341925068072389,1.924617389527842,3.484693964697486
264,14719,0.342953448929224,1.915847626324271,3.4998835417678884
265,14756,0.343948861884653,1.9074089517858641,3.514615100115926
266,14779,0.344541195729378,1.9024105459524092,3.5234284557561577
267,14796,0.344978596992562,1.8987305552221279,3.529897056758301
268,14834,0.345979287017675,1.890346438423966,3.54471183316007
269,14873,0.346977995268497,1.8820271418831167,3.5595885477376408
270,14900,0.347683427166225,1.8761796561614856,3.570051101735931
271,14912,0.348006455446694,1.87350991439633,3.5748326711939056
272,14950,0.349001631451321,1.8653161185565423,3.5896780904261907
273,14988,0.350009017465676,1.857069247074659,3.6046877618791275
274,15015,0.350743194584649,1.851088817800735,3.6155883698223104
275,15026,0.351019216879713,1.8488468776416855,3.619736018807339
276,15063,0.352018801954704,1.8407573528662682,3.6346785245707216
277,15100,0.353015139743024,1.8327396970224736,3.6495110104401207
278,15138,0.354032026604153,1.8246032134208883,3.6647822957011074
279,15174,0.355026344411363,1.8166923828089696,3.6796478626226348
280,15175,0.355054150482191,1.8164717935050825,3.6800635778031503
281,15211,0.356026829649715,1.8087770828503924,3.694629420457019
282,15248,0.357016814728241,1.8009885213983376,3.709504329622494
283,15279,0.357724822289249,1.795444815935698,3.7201030661824044
284,15294,0.358026168232425,1.7930919265957552,3.7246086826496407
285,15337,0.359023415576376,1.785333648488081,3.739646018315314
286,15377,0.360034122691411,1.7775145103596484,3.754826257975922
287,15385,0.360256725200286,1.7757982850814136,3.7581629890773414
288,15416,0.361010235297035,1.770004565596905,3.769519483624233
289,15454,0.362012716385855,1.7623339035807226,3.784663257667418
290,15479,0.362695426785615,1.7571342954679388,3.794918682846318
291,15490,0.362993295961286,1.7548718147859463,3.7993897908459195
292,15527,0.363994483819811,1.7472943806891106,3.814549373934415
293,15564,0.36497690502448,1.7398993915325334,3.8294010835178716
294,15570,0.365138752747465,1.7386849313461226,3.831833923666308
295,15600,0.3659806937048,1.7323845689155393,3.8445415496794006
296,15636,0.36697528415292,1.7249791557714174,3.8596374968902643
297,15669,0.367904194548544,1.7180989366731794,3.8736877637526343
298,15671,0.367958803058629,1.717695545500142,3.8745098153723116
299,15706,0.368936828481451,1.7104911269390306,3.889357472503088
300,15742,0.369922968212727,1.7032655064146827,3.9043335095573726
301,15770,0.370700395491396,1.6975962587642024,3.9161085966538933
302,15778,0.370932779646119,1.6959062527556341,3.919612008919838
303,15812,0.371912461322842,1.688804769926601,3.934577611537116
304,15847,0.372886005681385,1.6817847405473745,3.949372138808482
305,15873,0.373596576985516,1.6766840533412304,3.960144095482252
306,15883,0.373889017351867,1.674590462920444,3.964601298828126
307,15918,0.374873310982634,1.6675678708061588,3.979668178854274
308,15952,0.375850563120435,1.6606319056639718,3.9945427652351273
309,15988,0.376815979888356,1.653815266264139,4.009264677445249
310,16024,0.377802933946383,1.646882567994874,4.0243917024196225
311,16060,0.378788087934271,1.63999854233411,4.039411128113585
312,16080,0.3793557999056,1.6360477426438265,4.048080315359476
313,16094,0.379776429999026,1.6331281275211436,4.0545456380667835
314,16129,0.380756415739688,1.6263510177689842,4.069585537433699
315,16165,0.381733730189056,1.6196270355903417,4.084510614895657
316,16201,0.382694475911514,1.6130505218769304,4.099278276738885
317,16238,0.383663726707209,1.6064491646955847,4.114179945399069
318,16277,0.384658635789847,1.5997076549357296,4.1293998513839965
319,16285,0.384869017072564,1.5982865744983,4.132640215063796
320,16315,0.385638725201276,1.5931005748400167,4.144516713815968
321,16351,0.386592278351123,1.5867045360170091,4.159203936853083
322,16388,0.387583625899653,1.5800883555873027,4.174396201511397
323,16426,0.388549896817361,1.573672025629318,4.189345283687262
324,16462,0.389516860161541,1.567282965839472,4.204270583374407
325,16497,0.390494550373489,1.5608552002673246,4.21928096287487
326,16533,0.391455492329939,1.5545688324565599,4.2341857909904155
327,16571,0.392443983557242,1.5481343628603232,4.249478319260085
328,16606,0.393315072997497,1.542490915435534,4.262877057045366
329,16647,0.394378003284435,1.5356383765622335,4.2793855396837746
330,16683,0.395334353508889,1.5295044337135129,4.294220501223509
331,16719,0.396309528893217,1.5232802319760608,4.309249127913051
332,16757,0.3972707329235,1.5171751078692322,4.324218362711353
333,16799,0.398228951820887,1.5111182786372948,4.339111759613751
334,16840,0.399212580411393,1.5049310795002726,4.3543143182464625
335,16880,0.400163586549611,1.4989780020277363,4.369144617668175
336,16921,0.40113060217602,1.4929536529381777,4.384205235117818
337,16962,0.402092102355938,1.4869923933864904,4.399111633859631
338,17002,0.403044688247957,1.4811144499807685,4.413977646796396
339,17043,0.4040174922522,1.4751403569817954,4.429159869302505
340,17083,0.404969355807621,1.4693226429583128,4.443967207453365
341,17123,0.405942766466339,1.4634014511573286,4.459151277344139
342,17163,0.406887272231658,1.4576831674170876,4.473934211765965
343,17204,0.407869255172128,1.45176606797191,4.489264828318279
344,17243,0.408813089708953,1.4461056291322074,4.503960184446211
345,17283,0.409768605288644,1.4404016976742096,4.518973203507206
346,17324,0.410733021751609,1.4346715434162256,4.5340888699511925
347,17364,0.411699889733894,1.42895377175437,4.549143520862501
348,17402,0.412634837923247,1.4234502472765205,4.56385640514903
349,17442,0.413595200141216,1.4178230300026806,4.5789427837622645
350,17482,0.414550806963228,1.412249555911981,4.593884298650687
351,17521,0.415499144065042,1.4067438267537336,4.608785643382544
352,17559,0.416455265959988,1.4012182861822127,4.623839800204584
353,17598,0.417410111806452,1.3957253830584917,4.638836171589614
354,17637,0.418382537217302,1.390157119489464,4.65406129591091
355,17675,0.419337091277748,1.3847163077154314,4.669153735049417
356,17714,0.420281769433961,1.3793561194595911,4.684058931022367
357,17752,0.421218398553805,1.3740653386304147,4.698742361622932
358,17791,0.422173853612902,1.3686924034782035,4.713825371396046
359,17830,0.423141376425694,1.3632763320076915,4.72913151677508
360,17866,0.424066398178503,1.3581212854763094,4.7437022464144105
361,17903,0.425017392551516,1.3528448894683547,4.758659212363465
362,17940,0.425968287663638,1.3475926001083933,4.77374703331258
363,17978,0.426919142617727,1.3423639283737212,4.78880496613526
364,18015,0.42786360686844,1.3371934045035085,4.803682868623197
365,18053,0.428827948033263,1.3319375628065004,4.818941426105728
366,18090,0.429776275749236,1.3267919995273907,4.834018650977961
367,18126,0.43070672006373,1.321765492426108,4.848734843435947
368,18164,0.431649709357685,1.316693324056784,4.8636248114857485
369,18201,0.432603071032262,1.3115878433637462,4.878783115743679
370,18238,0.433557010086987,1.3065017442558808,4.893959410313274
371,18274,0.434502909002675,1.3014805638363254,4.908935301025424
372,18310,0.435436855207917,1.296544236069566,4.92370682329919
373,18351,0.43638221569135,1.2915690970946736,4.938815359993715
374,18388,0.437321182304876,1.2866488989386653,4.95374464267269
375,18424,0.438268993169955,1.2817037380789862,4.968790105638906
376,18460,0.439195545927794,1.2768901216598523,4.983493921266145
377,18498,0.440155146188335,1.271926180256715,4.998849646963214
378,18535,0.441085287930568,1.2671352397439555,5.013654200891378
379,18573,0.442024167269632,1.2623197418751229,5.0285561243894055
380,18609,0.442961887940901,1.2575305623887392,5.0435210171036005
381,18645,0.443902501272684,1.2527469368452873,5.058573299969475
382,18681,0.444836203389767,1.248018466976701,5.073475395067725
383,18719,0.445795377670445,1.2431816256723316,5.088700308564454
384,18755,0.446725692805902,1.2385101553460243,5.1036202251501095
385,18791,0.447668366825885,1.2337964308050773,5.118707890140754
386,18828,0.448604850652785,1.229133275186069,5.133677943311496
387,18864,0.449542544975687,1.2244835581782003,5.148583471608719
388,18900,0.450484228636278,1.2198335400713933,5.16370709133865
389,18936,0.451422377625374,1.215220267236905,5.178765467136981
390,18972,0.452362007433119,1.2106188927633328,5.19379405561099
391,19007,0.453276027075864,1.2061612356848332,5.208364784605993
392,19043,0.454214488032958,1.2016030451398536,5.223443336669798
393,19080,0.455159582842845,1.1970316295532646,5.238657920207278
394,19114,0.456086208163254,1.1925679446155373,5.253492627850131
395,19149,0.457011180330961,1.188130275665935,5.268281112493346
396,19184,0.457956341008178,1.18361426724331,5.28346506570044
397,19219,0.458890496793447,1.1791691198393108,5.298542179923732
398,19254,0.459821642821629,1.1747562682427137,5.313473954309301
399,19289,0.460771228109613,1.1702743986482371,5.328680903859564
400,19323,0.461690741430782,1.1659520329582413,5.343457652659221
401,19358,0.462634708797527,1.1615325892845019,5.358715008587551
402,19391,0.463553540664964,1.1572481111146464,5.373494576052107
403,19425,0.464470475907372,1.152989375797111,5.388204329621589
404,19460,0.465410406764585,1.1486412539671087,5.403296127395152
405,19495,0.466339485553538,1.1443605591600612,5.418341705512323
406,19530,0.467264221543597,1.1401167773910061,5.433262925571217
407,19564,0.468204974813509,1.1358166909659828,5.448383344177306
408,19598,0.469124372472242,1.1316308822969328,5.463117619852549
409,19632,0.47006856336675,1.1273492378170258,5.478440455627904
410,19666,0.471005059944012,1.1231194418991364,5.493600167697317
411,19699,0.471923255291032,1.1189886041604509,5.508389070315658
412,19732,0.47283847741877,1.114887107874575,5.52310131738958
413,19765,0.473769489196254,1.110731110389763,5.538154347042241
414,19799,0.474698855306796,1.1065987179465684,5.553248281367824
415,19833,0.475628052109535,1.1024832231083468,5.56825404840451
416,19868,0.476561106546983,1.098366791292928,5.5833021092673665
417,19901,0.477495993150139,1.0942584112649718,5.5983470995853954
418,19934,0.47841886092183,1.0902185964683202,5.613386080557042
419,19965,0.479326861383215,1.0862590448493856,5.628090200687263
420,19997,0.480254118946297,1.0822309701248436,5.643094900582322
421,20031,0.481195698858119,1.0781565636870973,5.658234974402478
422,20063,0.482117772095057,1.0741819901275793,5.673233861894838
423,20095,0.483043038731096,1.0702089044216359,5.6882654545279445
424,20127,0.483961168698013,1.0662814801655918,5.703173505382859
425,20160,0.484884935703903,1.0623449531347249,5.718075328925738
426,20193,0.485816969020819,1.0583883720972835,5.733129299883879
427,20226,0.486731539077913,1.054520654023051,5.748039278389019
428,20260,0.487667648354937,1.0505768700739697,5.763292766942613
429,20292,0.488598101559535,1.0466718900629037,5.778355433842194
430,20324,0.489500139005412,1.0429003391742526,5.79294995391617
431,20356,0.490434355376356,1.0390088684399093,5.808082006420018
432,20389,0.491365670057659,1.0351442132346276,5.823312194104346
433,20397,0.491589178154375,1.0342189056203503,5.8269546951441225
434,20422,0.492292880558473,1.03131111476885,5.838381112732835
435,20446,0.49297763928048,1.0284895709662183,5.849499930942939
436,20454,0.493203063370583,1.0275624266522851,5.853160270559625
437,20486,0.494121213457643,1.023794916640878,5.86798117226119
438,20495,0.494382858758995,1.0227238511266559,5.872199506780124
439,20518,0.495041810825496,1.0200313955956006,5.882997768472186
440,20547,0.495881606255529,1.0166103912406412,5.896708182933542
441,20550,0.495966673249095,1.0162645071471537,5.898094534815287
442,20582,0.496890647031764,1.0125152404731708,5.913152699428772
443,20614,0.497822525656357,1.0087479944414812,5.9282608912672305
444,20634,0.498373289712389,1.0065280797393847,5.937172876261693
445,20647,0.498742925310071,1.0050409725176452,5.943153998057681
446,20679,0.499664104474678,1.00134448531449,5.958210190822882
447,20683,0.499765198653605,1.000939646646175,5.959863939490477
448,20711,0.500581128431441,0.9976781848198635,5.973211323061596
449,20732,0.50119409024627,0.9952350186504262,5.983210535624316
450,20742,0.501482151530766,0.9940889161209754,5.987889115390415
451,20774,0.502429181841032,0.990330251789393,6.003270414738742
452,20783,0.502695008146007,0.98927776046177,6.007587862582967
453,20805,0.503324773471333,0.9867887549090713,6.017763635339863
454,20832,0.504070556343722,0.9838492596225108,6.029972352496929
455,20839,0.504258614384182,0.9831094035373784,6.0330605847459156
456,20871,0.505169311594741,0.9795343403643333,6.047971843808419
457,20889,0.505703445680688,0.9774435166325155,6.056680343250653
458,20903,0.506097099454631,0.9759054163274155,6.063098457654919
459,20934,0.506996852602665,0.9723988321949268,6.077736472642427
460,20940,0.507169780879732,0.9717263088218886,6.080535638236961
461,20966,0.507933068047209,0.9687633330205954,6.092890859801602
462,20989,0.508602621128304,0.9661715422967361,6.10388656791579
463,20998,0.508846422913059,0.9652294974880051,6.107884741819173
464,21032,0.509771998745595,0.9616612965418221,6.12303472992118
465,21044,0.510124624262281,0.9603052909789533,6.128806566430388
466,21063,0.510673406735269,0.9581986976627432,6.137781992112881
467,21093,0.511504337321147,0.9550176353092232,6.151284784532581
468,21097,0.511607459432316,0.9546235723568388,6.152960539986364
469,21130,0.512531499986184,0.9510995910045654,6.167976388479976
470,21145,0.512952536903851,0.9494981076337716,6.174824449057265
471,21162,0.513442969339532,0.9476359785125721,6.182884352478436
472,21193,0.514358950835001,0.9441675864230963,6.197937847826479
473,21198,0.514502310205158,0.9436258694373005,6.200293855696072
474,21225,0.515284175795194,0.9406767119459578,6.213053353185489
475,21256,0.516208546899312,0.937201555469505,6.228134850890268
476,21276,0.516812883653888,0.9349362827992203,6.23795746568277
477,21286,0.517104188006146,0.9338462599883539,6.242675780862404
478,21317,0.518020127785402,0.9304269204270492,6.2576490717374185
479,21327,0.518321580512065,0.9293041956927026,6.262623728436732
480,21348,0.518932588705444,0.927032569865484,6.272651689835314
481,21379,0.519877544926957,0.9235298961421776,6.2881324337296025
482,21381,0.519939538753099,0.9233005483640762,6.289148047494204
483,21410,0.520786364546585,0.9201731613511719,6.302981899074836
484,21433,0.521439959194368,0.917766336022682,6.313611555022906
485,21441,0.521696619966708,0.9168228463197918,6.317785725840573
486,21471,0.522607080181501,0.9134834523342101,6.332625436318731
487,21480,0.522870733415864,0.9125185941601601,6.336962962724257
488,21502,0.523546304243413,0.9100507288369071,6.348077206440534
489,21515,0.523934750524058,0.9086346133745944,6.354467782317609
490,21532,0.524449799906777,0.9067601897793724,6.362940869427121
491,21562,0.52535889428756,0.9034606834935222,6.377787817438381
492,21564,0.525417635060895,0.9032478799157582,6.378747147103466
493,21593,0.526285294285115,0.9001100940096765,6.392917393522097
494,21614,0.526923280369869,0.8978094862274051,6.403280669189963
495,21622,0.527190849155156,0.8968462779703767,6.407618544909882
496,21653,0.528117507883716,0.8935179861906524,6.4228641426108455
497,21665,0.528481105666199,0.892215235849176,6.428870309985583
498,21683,0.529025515163753,0.8902679952789481,6.437799709609954
499,21704,0.529662504539036,0.8879946974352992,6.448247603546321
500,21713,0.529948933415419,0.8869742666622464,6.452945607370056
501,21741,0.53078218402134,0.8840119923086851,6.466577451270287
502,21743,0.530849495994885,0.8837730986743475,6.467673401326323
503,21773,0.531770935543249,0.8805089431569169,6.482675958397564
504,21803,0.532688239019324,0.8772706561740393,6.497663907052614
505,21819,0.533185606913604,0.8755194945876277,6.505857856719899
506,21832,0.533583627430482,0.8741204725781901,6.512415095575382
507,21862,0.534498559782703,0.8709124312824035,6.5274882632029865
508,21870,0.534746958350727,0.8700433623488237,6.531557576999494
509,21877,0.534966679966387,0.8692752977864564,6.535150753206418
510,21893,0.535444504271797,0.8676071787495458,6.542964763312504
511,21921,0.536299072188268,0.8646312325689602,6.556939779359264
512,21922,0.536333805732004,0.8645104770809122,6.557507787848371
513,21953,0.537273698743673,0.8612487496379164,6.572797248385399
514,21969,0.537748808013265,0.8596043079938029,6.580555332099113
515,21983,0.538169274161645,0.8581514181718952,6.5875138373299365
516,22013,0.539092266908189,0.8549700327463734,6.602735581787473
517,22016,0.539181495870276,0.8546630543875235,6.6042013630018
518,22043,0.540017802181171,0.8517908038604054,6.617939526612136
519,22072,0.540915292868302,0.8487182987512105,6.632658701022861
520,22101,0.541815126231175,0.8456479924359519,6.647330989223939
521,22131,0.542743147674607,0.8424921701628449,6.662462899904974
522,22149,0.543315106113523,0.8405525426179759,6.671873944845437
523,22160,0.543648044025922,0.8394253616634337,6.677368576017023
524,22190,0.544583805422559,0.8362646667835996,6.6928118870598166
525,22194,0.544711835147367,0.8358330689280118,6.694924821906291
526,22218,0.545488359700105,0.8332196869421253,6.707663493276092
527,22237,0.546106582337246,0.831144381597023,6.717790490235242
528,22246,0.546400956717255,0.8301578496639932,6.7226125855001175
529,22275,0.547318201119342,0.8270907087592931,6.737592651433623
530,22286,0.547655354502111,0.8259658958490934,6.74307438289959
531,22305,0.548233170652231,0.8240413997757627,6.75248109311376
532,22329,0.549004967292591,0.8214771442442199,6.765279159094748
533,22333,0.549129231819799,0.8210649553039233,6.76732879078524
534,22363,0.550040809338072,0.8180469212882882,6.7823319761754055
535,22378,0.550531651831241,0.8164259887214229,6.790410500244685
536,22392,0.550978233899037,0.8149537286136119,6.797760564743592
537,22419,0.551859349475325,0.8120559177818414,6.812174106725901
538,22420,0.551889311609316,0.811957541058347,6.812663552905787
539,22448,0.55279437980596,0.808990895224037,6.8274482865807675
540,22463,0.553295400448285,0.8073528158553116,6.835627198345778
541,22476,0.553708418483368,0.8060046887837544,6.8423446225211855
542,22504,0.554633524996775,0.8029923452712575,6.857644709691002
543,22532,0.555519741524037,0.8001160449429869,6.872282691817019
544,22549,0.556076844129941,0.7983126083313865,6.881427349516085
545,22560,0.556434068112259,0.7971581132560215,6.887291064755592
546,22588,0.557348082968481,0.7942108900310898,6.90229432071498
547,22594,0.557535822944867,0.7936067223771679,6.905370639896052
548,22617,0.558293040797561,0.7911740375116074,6.917706716266801
549,22638,0.558957179692989,0.7890458094647907,6.928526413802515
550,22645,0.559178008878466,0.7883392839530354,6.932124012151847
551,22674,0.560113667206743,0.7853519000651181,6.947607159176826
552,22683,0.56038514990765,0.7844869732268911,6.952085701843336
553,22702,0.561013083477567,0.7824896235953589,6.962444473415922
554,22727,0.56182292149866,0.7799202590960597,6.9757970554166535
555,22730,0.561921589866402,0.7796077211373069,6.977412470186481
556,22759,0.56285746448887,0.7766487309679699,6.99273476366759
557,22772,0.563265582592276,0.775361447432618,6.999416540483858
558,22787,0.563751285139472,0.7738318765031287,7.00736854259397
559,22815,0.564646136104456,0.7710207084725471,7.021928871435157
560,22820,0.564810378118255,0.7705057108398758,7.024597546417455
561,22844,0.565559744527354,0.7681597915631595,7.037001758248241
562,22868,0.566322723585355,0.7657776358841129,7.049621585844141
563,22873,0.566483287318142,0.7652771447754843,7.052263757565749
564,22901,0.567385318237354,0.7624707017562806,7.067107212842921
565,22916,0.567861006526322,0.7609943075984864,7.074934946563319
566,22931,0.568327483840756,0.7595489017036479,7.082600171552825
567,22959,0.56922978417096,0.7567597968479882,7.097335420446013
568,22961,0.569290973868414,0.7565709731964592,7.098334694625035
569,22987,0.570148554805451,0.7539288516502951,7.112339641902899
570,23008,0.570840831681584,0.7518018062131229,7.123655256903236
571,23014,0.571035799877826,0.7512036902308954,7.126880414192356
572,23042,0.571955281864252,0.7483884347401484,7.1420904540239265
573,23054,0.572338035984676,0.7472191906301582,7.148421959701343
574,23071,0.572889211844819,0.7455381936409624,7.1575026455158
575,23098,0.573785365224225,0.7428119652532756,7.172213896608474
576,23100,0.57385362008845,0.742604673027708,7.173334368247569
577,23126,0.574719101012827,0.7399804499932243,7.187542100413763
578,23147,0.575428759930387,0.7378345846338579,7.199111559017718
579,23153,0.575621902800164,0.7372514755526343,7.20225800094208
580,23180,0.576530035124141,0.7345150106267673,7.217052156275527
581,23194,0.577000302113026,0.7331013455936015,7.224861139628209
582,23207,0.577432062718363,0.7318054617409433,7.231987065340713
583,23235,0.578345209596231,0.7290711212048342,7.247057955866267
584,23245,0.578667215403132,0.7281089603518387,7.252372450589988
585,23263,0.579272432161063,0.726303453228992,7.262351326714957
586,23290,0.580182794063428,0.7235947191682417,7.277261179188003
587,23293,0.580284194453739,0.7232935336820057,7.278921908680671
588,23318,0.581080519499811,0.7209318957393223,7.291964072381358
589,23342,0.581883154247417,0.7185580862765439,7.305050217127205
590,23345,0.581988831435971,0.7182460315134374,7.306767710581336
591,23373,0.582922564972229,0.7154937209329697,7.3220574376938385
592,23392,0.583543828645678,0.7136673389569681,7.332367726566191
593,23401,0.583846619296976,0.7127786081970029,7.337365803189372
594,23427,0.584729567502821,0.7101922932863756,7.351906265664303
595,23442,0.585244365102278,0.708687959473542,7.3603839941737785
596,23454,0.585646711683945,0.7075140695738567,7.367009870226201
597,23482,0.586580905108822,0.7047946690567448,7.382303891050805
598,23492,0.586927242850134,0.7037886930311394,7.387963474368647
599,23508,0.587480844353264,0.7021831598626218,7.397010001668815
600,23535,0.588398238129992,0.69952922221204,7.411965034334083
601,23540,0.588557621454827,0.6990689841517106,7.414549451821141
602,23562,0.589300505604485,0.6969271033871471,7.4267881258697415
603,23588,0.590149610610685,0.6944855711506832,7.440850611911379
604,23590,0.590214940593113,0.6942980111535129,7.441932576991425
605,23618,0.591148805473176,0.6916214508791323,7.4572978806219
606,23637,0.591797237821069,0.6897679409283621,7.467953875659336
607,23645,0.592067665503684,0.6889961372054996,7.472397941494883
608,23672,0.592957430615582,0.6864617059640259,7.486976852076561
609,23686,0.593432880660158,0.6851105366584354,7.494729611832317
610,23698,0.593863112772408,0.6838897356860079,7.501745041199791
611,23725,0.594778746793334,0.6812974663122371,7.516675506912059
612,23730,0.59494034694173,0.680840785366911,7.519303841882484
613,23751,0.595686638249486,0.6787349854592157,7.531606480483166
614,23778,0.596609686922447,0.6761377193830069,7.546863746217715
615,23804,0.597518754103513,0.6735876374296395,7.561844212438314
616,23825,0.598264226418786,0.6715022490748066,7.5740704430585675
617,23830,0.598444100487242,0.6709998464114171,7.57702049472178
618,23856,0.599354632774904,0.6684612837147519,7.591953816198739
619,23870,0.599829292048367,0.6671409903725831,7.599689834438378
620,23884,0.600282510640817,0.6658822842139351,7.6070649891642645
621,23910,0.601175936948632,0.6634065646001495,7.621603574663819
622,23919,0.601473577199085,0.662583424955681,7.62644967166145
623,23938,0.602089532269208,0.6608825538472858,7.636646836927228
624,23966,0.603016338444375,0.6583298598172969,7.65193773836644
625,23967,0.603049473228224,0.6582387422491789,7.6524844122316225
626,23993,0.603935130309806,0.6558069729890048,7.667096415805047
627,24012,0.604593275980324,0.6540045014204627,7.677883974333626
628,24020,0.6048599005149,0.6532754099730012,7.682248463013889
629,24047,0.605766422742211,0.6508013030388089,7.697087705043182
630,24061,0.606221913728821,0.6495609567280116,7.704543827782195
631,24074,0.606671329250355,0.6483389799146582,7.711859987623415
632,24101,0.60758225041241,0.6458676982766165,7.72665435783047
633,24128,0.608492435866003,0.6434058026979508,7.741601152245594
634,24155,0.609402954576676,0.6409503637780254,7.756620991245178
635,24160,0.609559301432293,0.640529473753056,7.759195973100334
636,24183,0.610333491550289,0.6384485102725252,7.771946632513423
637,24210,0.611253155459605,0.6359833745939418,7.787060995027054
638,24221,0.611638010951804,0.6349539794687453,7.793349562999861
639,24236,0.612161655057926,0.63355543709345,7.8019059474653245
640,24262,0.613062586965763,0.6311548302911623,7.816627243266325
641,24281,0.613719165171581,0.6294097638623104,7.827307263161258
642,24289,0.613989521941899,0.6286922891407722,7.831690083329288
643,24316,0.614897564763213,0.6262871367608744,7.846460443310794
644,24338,0.615593168569671,0.6244494758177666,7.857989378191135
645,24344,0.615805840674399,0.6238884628064767,7.861498958483649
646,24372,0.616739385147028,0.6214304195306164,7.876849292944281
647,24399,0.617658347890325,0.6190180273861785,7.891959859050216
648,24425,0.618561757608848,0.6166534508464669,7.906747457202006
649,24452,0.619492625173006,0.6142242205397193,7.9219326240584635
650,24478,0.620387678801222,0.6118953263744771,7.936533561091045
651,24505,0.621297999865566,0.6095335897047407,7.951268677444997
652,24532,0.622233915045869,0.6071126562207452,7.966632477100614
653,24558,0.623153468361278,0.604741128424952,7.981802466175358
654,24584,0.624063359991462,0.6024013972133875,7.996741497258438
655,24610,0.624993450226812,0.6000167675950796,8.012012158593324
656,24620,0.625347858354933,0.599109977973928,8.017807339652101
657,24635,0.625888280300781,0.5977292297587571,8.026609600032609
658,24661,0.626809771640018,0.5953803613870718,8.041618625422226
659,24680,0.627475545965381,0.5936876049272712,8.052462594679072
660,24687,0.627720743294632,0.593065086158276,8.056435285468527
661,24713,0.628634248805852,0.5907501093037664,8.071195547182057
662,24740,0.629580278932007,0.5883597905835889,8.086814904043779
663,24742,0.629651020883275,0.58818133669854,8.087984148322542
664,24765,0.630472994557484,0.5861107591164623,8.10150222840256
665,24791,0.631394023113964,0.5837970639444969,8.11660359075046
666,24801,0.631748333422413,0.5829088057623077,8.122412931094841
667,24817,0.632316187240776,0.5814872688356716,8.131723572129161
668,24843,0.633254913451462,0.5791428992625549,8.146998988647848
669,24869,0.634157631758615,0.5768950019995012,8.161681597966437
670,24879,0.634505391361589,0.5760307376649612,8.167337867864592
671,24895,0.635072871248567,0.574622449285195,8.176530973921937
672,24920,0.635988874928929,0.5723545480441758,8.191345601303082
673,24940,0.636717648064841,0.5705548653147487,8.20337698867178
674,24945,0.636902972785129,0.570097868482345,8.206436532703945
675,24971,0.637838376194484,0.5677952868973957,8.221797005028742
676,24996,0.638735829962206,0.565592461063551,8.236494037311186
677,25002,0.638959909971982,0.5650434157032627,8.240163653792804
678,25021,0.639643823453994,0.563370055854099,8.251363671983196
679,25047,0.64058428133664,0.5610748329843576,8.26664266765982
680,25062,0.641113124979744,0.5597871281009805,8.275233439047629
681,25073,0.64150375848665,0.5588373205467518,8.281579063502065
682,25098,0.642404469059203,0.5566516862258029,8.296171319632018
683,25121,0.643240255879912,0.5546290687793836,8.309638627593113
684,25123,0.643322916488318,0.5544293143770807,8.310986326788028
685,25149,0.644252118753438,0.5521873671675273,8.326311053395516
686,25175,0.645191021576887,0.5499285739530873,8.341711829951421
687,25200,0.646090261507116,0.5477713557658785,8.35642246877762
688,25225,0.647013487226171,0.5455628356174258,8.371525490397902
689,25236,0.647432397327274,0.5445628055194538,8.378324822448072
690,25250,0.647946748258888,0.5433367058128189,8.386670892317925
691,25275,0.648863445826691,0.5411563194563072,8.401545604270721
692,25300,0.649798157837291,0.5389394197857964,8.41667383719886
693,25304,0.649953775887394,0.538570952426088,8.419178458324723
694,25324,0.650700056093529,0.5368063835793861,8.431189591794475
695,25349,0.65163058349698,0.5346118265866115,8.446465028426319
696,25373,0.652522368173615,0.5325145140985152,8.461088812332822
697,25384,0.65292201163369,0.5315764856784024,8.467620773034625
698,25398,0.653456989074034,0.5303226022833218,8.476364695970418
699,25423,0.65437845831921,0.528167663967009,8.49142562276825
700,25444,0.655182373793122,0.5262925866130768,8.504472108138149
701,25447,0.655294728998749,0.5260308922794785,8.506293526449182
702,25471,0.656223682791045,0.523870634700059,8.521353028480728
703,25496,0.657154683263764,0.5217117452979136,8.536423625898923
704,25507,0.657565798072615,0.5207603603032438,8.543033881919772
705,25520,0.658066010503518,0.5196043923235785,8.551076725821023
706,25544,0.658988557417859,0.5174770316473167,8.566052223005379
707,25568,0.659904419289691,0.5153709700510591,8.581080004218387
708,25570,0.659973059587723,0.5152133643526111,8.582201095850772
709,25593,0.660847473658772,0.5132084782945678,8.596482768955237
710,25617,0.66175088593134,0.51114266903113,8.611238065310301
711,25619,0.661834119533595,0.5109526246617746,8.612597507178938
712,25641,0.662688135976896,0.5090054366611809,8.626457250812514
713,25665,0.663590764936588,0.5069528583562475,8.641078883459429
714,25678,0.664101851360197,0.5057931218710274,8.649357941932559
715,25689,0.664521631389923,0.5048419084693836,8.656157933580564
716,25714,0.665457586487699,0.5027253731947423,8.67119974157479
717,25738,0.666365484924992,0.5006779652048796,8.685785919625522
718,25740,0.666439749246932,0.5005107380374396,8.686979040549774
719,25763,0.667288152230697,0.49860295984136815,8.700860189811403
720,25787,0.66822084690337,0.49651122773876555,8.716085732168432
721,25798,0.668616456674572,0.4956257657395926,8.722543765547163
722,25812,0.669154417737483,0.4944233699915759,8.731325577205105
723,25836,0.670059479249496,0.4924048251956017,8.74604538711566
724,25859,0.670975001863724,0.4903684894703444,8.760867356910556
725,25860,0.67100341513142,0.490305380642726,8.761327357121381
726,25883,0.671927807834467,0.4882551195832563,8.776292930347262
727,25906,0.672839551868103,0.4862384311736039,8.790970296373148
728,25909,0.672954959905008,0.48598354953971445,8.79282327080899
729,25929,0.673761715063295,0.4842042485391995,8.805776412759718
730,25953,0.674716613971182,0.4821037147941214,8.821108128925868
731,25967,0.675277974460489,0.48087163778582664,8.830258378287349
732,25976,0.675647747644954,0.48006117608711363,8.836292703004204
733,25999,0.67656541362571,0.4780536809308742,8.851268084514055
734,26021,0.677436263743075,0.47615363026869306,8.865470499009403
735,26022,0.677481255459153,0.47605559850104573,8.866198627847321
736,26045,0.678390116795158,0.47407807873762553,8.880907294377632
737,26069,0.679348601096822,0.47199832072293924,8.896419040129379
738,26074,0.679564605128992,0.4715304364773154,8.89991476731297
739,26092,0.68027592299708,0.4699917580418209,8.911384206853592
740,26115,0.681172695422373,0.468056495394215,8.925776608164714
741,26130,0.68177844202287,0.46675215636468526,8.935498303347691
742,26139,0.682122876796784,0.4660115266855609,8.941026175695077
743,26162,0.68304421189262,0.4640340736204174,8.955748537759309
744,26185,0.6839970617864,0.4619945842870916,8.971246666338722
745,26207,0.684910318245965,0.4600451670241592,8.986148467818523
746,26230,0.685849819696023,0.4580451452815315,9.001386665227598
747,26237,0.686140148267088,0.45742819819769287,9.006084491789561
748,26252,0.686760001726628,0.45611275771133286,9.01611438321939
749,26275,0.687701213654848,0.45411987087446426,9.031344198117099
750,26282,0.687991561221299,0.4535062003156467,9.036015995299508
751,26297,0.68860726387213,0.4522065805360045,9.045895435088257
752,26320,0.689566168565673,0.4501871547440366,9.061281825207292
753,26330,0.689964873378926,0.44934914599747167,9.067679361730322
754,26342,0.690479885339725,0.4482681121231895,9.075936244030736
755,26364,0.691394363279528,0.44635254944319525,9.09048686496828
756,26383,0.692167084272994,0.4447378714206456,9.102930243160085
757,26387,0.692325789356315,0.44440668739170186,9.105520190231289
758,26412,0.693287362228343,0.44240333010806765,9.12118261467842
759,26435,0.694205530767866,0.4404955818976153,9.136040683232649
760,26458,0.695128832934303,0.43858224924833533,9.150981825620626
761,26480,0.696053012814739,0.4366721809825129,9.165892166813011
762,26483,0.696180687602468,0.4364087051076293,9.16794086455436
763,26503,0.697016968889176,0.4346853012684655,9.181360018121692
764,26525,0.697916448726973,0.43283626832988276,9.195793269547917
765,26531,0.698166972185317,0.43232212327363784,9.199813224093328
766,26548,0.698871930498954,0.4308773272465787,9.211059220693455
767,26571,0.699774388436687,0.42903200877932135,9.225418260482924
768,26581,0.700181639252318,0.4282008323837798,9.23189804244442
769,26594,0.700734751176484,0.4270735086579778,9.240721759113077
770,26617,0.701668171189495,0.42517509138936904,9.255875930793653
771,26631,0.702247089841904,0.4240002051487728,9.265247234140277
772,26639,0.702588415373453,0.42330840947393256,9.270772475178516
773,26661,0.703508220997404,0.4214474972051394,9.285661920329595
774,26679,0.704285143750611,0.4198794463767679,9.298163664533856
775,26683,0.704441477016205,0.41956433944759897,9.300672922496418
776,26706,0.705384632335876,0.4176662690942208,9.315811223272204
777,26727,0.706260377986117,0.4159083974829141,9.329867551832251
778,26729,0.706350774466226,0.4157271941206242,9.331318478393788
779,26751,0.707280224012589,0.4138667617860623,9.346121388497583
780,26773,0.708188048015054,0.4120543304887052,9.360569128290303
781,26776,0.708310303073578,0.4118106085153499,9.362514779946462
782,26795,0.709119651139523,0.4101992497218847,9.37539530549631
783,26819,0.710074794950414,0.4083023466138269,9.390575695562534
784,26824,0.710273819225768,0.40790772928959584,9.393799324289146
785,26842,0.710987634696669,0.4064942218392211,9.405361110173782
786,26865,0.711951742748474,0.40458958094480124,9.420962644256011
787,26871,0.712200583358807,0.4040988218289616,9.424958872814896
788,26887,0.712875105271277,0.4027702645324678,9.435791283676588
789,26909,0.713797449335562,0.4009576539266839,9.45060356727402
790,26919,0.714175220760645,0.4002166008153185,9.456670346147554
791,26933,0.714752826522545,0.3990850583484298,9.465921570523244
792,26956,0.715696122869398,0.3972410469275136,9.48094123340495
793,26968,0.716206927766052,0.3962445226816469,9.489074538883822
794,26979,0.716649563453413,0.39538213793247734,9.496122418191055
795,27001,0.717563268075757,0.3936053369644119,9.510635927991231
796,27024,0.718492665949919,0.39180265490657473,9.525307935926502
797,27047,0.719449066263611,0.38995246069802136,9.540502317336735
798,27051,0.719611446359581,0.38963881836353154,9.543134684987923
799,27069,0.720369369549863,0.38817673581105994,9.555377284168394
800,27087,0.721145866761986,0.38668200996574487,9.567857507945426
801,27091,0.721319774484281,0.38634768569178046,9.57065263361608
802,27114,0.722282187322689,0.38450043148196444,9.586120979672852
803,27135,0.723169655316685,0.3828013836699047,9.600334646250246
804,27136,0.723203747041335,0.38273619860385555,9.600877887873724
805,27159,0.724152415992152,0.38092475826364924,9.615994649090064
806,27181,0.725094544641633,0.379130497381186,9.63100719252477
807,27203,0.726029537803633,0.3773544297180742,9.645843346730494
808,27223,0.726901780556338,0.3757016790282792,9.659622924344339
809,27225,0.726989345436554,0.37553597762771096,9.661006262938368
810,27247,0.727904158077728,0.3738072367120846,9.67545835411607
811,27269,0.728846144368911,0.3720316801097632,9.690271979629916
812,27270,0.728896611647211,0.3719366835032074,9.691062395705595
813,27291,0.729782768352186,0.37027077558703025,9.705315445456861
814,27314,0.730737742264217,0.3684800197967937,9.720681522465252
815,27319,0.730939215356497,0.3681028175677721,9.7239233398721
816,27336,0.731687145657224,0.36670434342777614,9.735881322404907
817,27358,0.732637180163453,0.36493209336836774,9.75103615345838
818,27367,0.733027537711266,0.3642052290727069,9.757263088005233
819,27379,0.733571205391408,0.363194182992004,9.765935606516672
820,27400,0.734490296902348,0.3614883739341652,9.78051993886242
821,27413,0.735038217109507,0.3604734784164545,9.78918481058709
822,27423,0.735472323205813,0.3596704708630649,9.796049813173669
823,27444,0.736403867440442,0.35795050000993767,9.810781358375785
824,27460,0.737087334619896,0.356691334976857,9.821542305043502
825,27466,0.737360588265868,0.356188567593245,9.825826179823103
826,27487,0.738270373617537,0.35451730928871417,9.840089142386738
827,27508,0.739201543831725,0.35281102744509996,9.854816494599405
828,27509,0.739254331119608,0.3527144284504766,9.855667103396248
829,27530,0.740170188045974,0.3510406338304013,9.870339796591363
830,27551,0.741096944299611,0.34935113103869386,9.885143995498474
831,27556,0.741317610998994,0.34894947207905624,9.88866897166888
832,27574,0.742073919650396,0.3475746465677132,9.900750404803619
833,27595,0.742993004003439,0.3459076930896261,9.915348269046321
834,27602,0.743301689035128,0.345348752399701,9.92023644364673
835,27617,0.74397384402824,0.344133275688173,9.930880338321161
836,27639,0.744925220260238,0.3424166249206224,9.945945834394095
837,27653,0.745534603959317,0.34131936289649256,9.955553704261913
838,27660,0.745833700676439,0.3407814625338641,9.960248832182273
839,27682,0.746794943108391,0.3390556661212667,9.975338119098936
840,27702,0.747668969789232,0.33749030708322714,9.989058320082197
841,27704,0.747748840797113,0.3373474426707006,9.990312110504043
842,27726,0.748714473617056,0.3356226375175815,10.005383654540166
843,27747,0.7496402760312,0.33397314948747514,10.019979089891795
844,27752,0.749861855095611,0.3335789695189859,10.02352481062669
845,27768,0.750580297080277,0.3323024916720494,10.03502135994473
846,27790,0.751560670987631,0.3305645686407368,10.050623114256785
847,27801,0.752058783115157,0.32968329398112717,10.058524319746173
848,27811,0.752475299106313,0.3289472773228077,10.065131222597715
849,27833,0.753457292674549,0.3272152379736055,10.080707902110488
850,27851,0.754253047402044,0.32581499464192953,10.093269870122615
851,27854,0.754391901606504,0.3255709636734765,10.095453146012487
852,27875,0.75534676782557,0.3238952526118799,10.11046699742759
853,27896,0.756298498940954,0.32222925392593216,10.125431553999181
854,27900,0.756484443342498,0.32190424905704296,10.128355253215384
855,27917,0.757244824217097,0.3205768702795473,10.14023618634391
856,27938,0.758182578107893,0.3189435221468453,10.154851721177327
857,27949,0.758679130948348,0.31808027821985974,10.162590836319946
858,27960,0.759160633059222,0.3172442780261897,10.17009537556304
859,27981,0.760114884043107,0.3155906047792756,10.18501272454468
860,28002,0.761074229408114,0.313932283290814,10.200261616118658
861,28022,0.761997821354609,0.31233971013498807,10.214942203490438
862,28029,0.762315310730452,0.31179314638426736,10.219988729220074
863,28043,0.762959990773637,0.31068471753807936,10.230172078087397
864,28064,0.763911443748145,0.30905225754111276,10.245162460609894
865,28078,0.764541769943397,0.30797300986450393,10.255093409415478
866,28086,0.764906027258069,0.3073501376171186,10.26083237563856
867,28107,0.765831060935479,0.30577101270674323,10.27534951269356
868,28128,0.766793758744968,0.3041316372171925,10.290383368919615
869,28149,0.767751721366946,0.30250440626762365,10.305343278651202
870,28171,0.768726704486079,0.3008524280011,10.3205169456651
871,28192,0.769676605589969,0.29924697299781466,10.33521997285221
872,28199,0.769991575744909,0.2987155074165262,10.340095232742167
873,28212,0.770603262627959,0.2976846173603498,10.349563217182492
874,28234,0.77160220813521,0.29600458559699616,10.365322260217818
875,28248,0.772240179456767,0.29493391641891886,10.37539801359648
876,28255,0.772540382828186,0.29443071485675487,10.380139253573347
877,28275,0.773473484654741,0.2928691413983955,10.39487612898429
878,28295,0.774383239450193,0.2913502630945284,10.409224286455894
879,28296,0.774429705340774,0.2912727818982199,10.409951638216711
880,28317,0.775408446735119,0.28964290266701465,10.425272323297047
881,28332,0.776091688180122,0.2885075503706611,10.435967413004299
882,28338,0.776369842959992,0.2880459088768754,10.440321496535056
883,28359,0.777352515538728,0.2864176548100199,10.455682926007857
884,28366,0.777680858758332,0.2858745187539129,10.46077699825543
885,28379,0.778280454989992,0.28488386620586414,10.470079418226595
886,28401,0.779256984166512,0.28327370856944345,10.485229754460258
887,28415,0.779927800230253,0.28216996458489696,10.495637112643696
888,28421,0.780200455132864,0.28172188752402794,10.49986393494731
889,28442,0.781169854701728,0.280131323528642,10.514769884926881
890,28463,0.782144948039998,0.2785353948854774,10.529763385019619
891,28483,0.783112734990717,0.2769553543422505,10.545048130803488
892,28502,0.78406314616794,0.27540747819539524,10.559974084680274
893,28512,0.784526653818435,0.2746539523326794,10.567249963784006
894,28522,0.785007012939048,0.27387396993566115,10.57479036766778
895,28543,0.785992833955903,0.27227623051853866,10.590265224509706
896,28558,0.786682450052317,0.27116093658056917,10.601017009105947
897,28564,0.786963986681711,0.27070617833043453,10.605396959934218
898,28584,0.787911970629646,0.269177315837539,10.620145034054731
899,28601,0.788723217256973,0.2678718948806995,10.632765844160103
900,28604,0.788881881342925,0.26761689379617337,10.635234229521455
901,28623,0.789830150806076,0.2660949939419648,10.649894429579312
902,28642,0.790800552237644,0.26454135264626033,10.664856252775145
903,28644,0.790900091150524,0.26438220350347663,10.666390961574166
904,28662,0.791794631453598,0.2629537512324036,10.680183144294382
905,28682,0.792750016364879,0.2614316989679255,10.69483556078655
906,28700,0.793600607017933,0.26007968133699144,10.707832631135561
907,28797,0.793607473499567,0.260068778826269,10.707937551339572
908,28799,0.793697824029542,0.2599253389949816,10.709318112235625
909,28817,0.794466109310066,0.2587069332239038,10.721265634847775
910,28822,0.794679227805867,0.258369370948615,10.724621937830534
911,28839,0.795402421831244,0.2572252391408538,10.735985020315269
912,28845,0.79566233965684,0.256814543253723,10.74004160810339
913,28864,0.79650022605156,0.2554924246000989,10.753118663164386
914,28867,0.796627379330449,0.2552920298075645,10.755103168987254
915,28886,0.797438064883336,0.2540158841631148,10.767755695247445
916,28889,0.797563103357404,0.25381928500757134,10.769707194902335
917,28910,0.79846659211499,0.25240055110031,10.78377914031377
918,28912,0.798558981735645,0.25225565408647554,10.785208119259165
919,28932,0.799429909338627,0.25089140188325687,10.798678649810027
920,28934,0.799513932737189,0.2507599418266968,10.799978229423113
921,28954,0.80037202723132,0.24941897764623455,10.813250271851375
922,28957,0.800500937262446,0.24921777533428147,10.815244107511946
923,28974,0.801211364321186,0.24811010493745878,10.826232195805567
924,28980,0.801469105536544,0.24770873024550255,10.830197104294625
925,28994,0.802079361119146,0.2467594211683668,10.839550844136097
926,29002,0.802444925025458,0.24619144418948702,10.845154053303787
927,29014,0.802964839439155,0.24538454348569938,10.853123081861977
928,29024,0.803401665424458,0.24470740233239874,10.859818566080412
929,29045,0.804312817268662,0.2432973571102166,10.873784316742471
930,29046,0.804358660616804,0.24322649703699706,10.874486984221818
931,29068,0.805343889625635,0.24170557805417903,10.889454935933042
932,29069,0.805387398233574,0.24163849868183007,10.890115800783027
933,29090,0.806326457809104,0.24019246834232977,10.904428410483417
934,29091,0.806369808730932,0.2401257948555935,10.905107502826667
935,29112,0.807284838905747,0.23872015403568492,10.919441453740795
936,29135,0.808276531656453,0.23720034027294568,10.934860481909194
937,29157,0.809246759850402,0.23571702676308637,10.949921745181841
938,29177,0.810094185920119,0.23442436371047748,10.963076699057343
939,29180,0.81022735814422,0.2342214687621058,10.965143987907853
940,29198,0.811020284777169,0.23301478245362728,10.977386532163411
941,29202,0.811193908969797,0.23275087367209601,10.980057372014242
942,29218,0.811885151220356,0.2317013046696148,10.990690667532744
943,29224,0.812158142114854,0.2312872926398386,10.994890053280221
944,29239,0.812846564101937,0.2302444817550986,11.005479965028476
945,29246,0.813151349474454,0.2297833615430973,11.010168441366647
946,29266,0.814022337902922,0.22846751672219723,11.023514705587376
947,29268,0.814113651680619,0.22832972759472314,11.024906634698121
948,29289,0.815045259867072,0.22692572945346967,11.03910747697233
949,29290,0.815090621699222,0.22685744796731533,11.039798943871174
950,29309,0.815941497424741,0.225578063079499,11.052769151892909
951,29312,0.816076339510459,0.22537555812471122,11.054824598827638
952,29331,0.816936765149686,0.2240849508306455,11.067916254356897
953,29334,0.81706968728489,0.2238858148354328,11.069924026528472
954,29352,0.817883602997002,0.22266786659576243,11.082218121219908
955,29355,0.818016221637419,0.22246964491523769,11.084221309140798
956,29375,0.818934667914822,0.22109862871748742,11.098115612749504
957,29377,0.819021310735066,0.22096945084677566,11.099466247790819
958,29398,0.819953918383261,0.21958073201448158,11.113994850326897
959,29399,0.820000456043093,0.21951151689048287,11.114713702213287
960,29420,0.820961274038542,0.21808425272085685,11.129555140974881
961,29440,0.821851073824114,0.2167654601300819,11.143299584865607
962,29442,0.821937610270192,0.21663735483679147,11.144636284814188
963,29461,0.822827303198337,0.21532184957036704,11.15837907811348
964,29463,0.82291996990628,0.21518499558819437,11.159810470195746
965,29484,0.823864611120951,0.2137916673461664,11.17428377999487
966,29485,0.823905677296161,0.2137311679678353,11.174912332728104
967,29504,0.824778561381112,0.21244664546745162,11.18827256592727
968,29506,0.824870999988804,0.21231077345860516,11.189687417425501
969,29525,0.825737913086139,0.21103801115606813,11.202956259581615
970,29528,0.825873256307871,0.21083954754822276,11.205027802682755
971,29548,0.826779282487687,0.20951264887904686,11.218810702461907
972,29550,0.826869344057581,0.20938091028122896,11.220176583021994
973,29569,0.827712548110175,0.2081488945445975,11.232964679265317
974,29572,0.827848260637351,0.207950837790142,11.235022905685836
975,29588,0.82856356221948,0.20690800995555714,11.245871223417607
976,29594,0.828831054354375,0.20651849945337597,11.249928029305636
977,29615,0.829798536811211,0.205111789956689,11.264536660730617
978,29633,0.830605787288861,0.20394056398770122,11.27666748872509
979,29637,0.830769091813306,0.20370390503733882,11.279121521459182
980,29657,0.831694163529899,0.20236505659216464,11.293022889358296
981,29659,0.831782110860618,0.20223792618638115,11.294344503864645
982,29678,0.832626548192466,0.20101863454976554,11.30730663820412
983,29681,0.832768609764272,0.20081375339431373,11.30949114359333
984,29697,0.833518223552021,0.19973381714261773,11.32101808461156
985,29702,0.833751100517027,0.19939871669120257,11.32459907402771
986,29721,0.834652225931248,0.19810379572673908,11.338455835562124
987,29723,0.834749564615421,0.1979640869423056,11.339952629363937
988,29743,0.835680302689073,0.19662985567827196,11.354264749890202
989,29744,0.835721940716794,0.19657023619878355,11.354901069244503
990,29763,0.836598160383013,0.19531699608588426,11.368251178667101
991,29765,0.836687420710701,0.19518947607767023,11.369611151728272
992,29784,0.837569592823136,0.19393063999538396,11.383051952802012
993,29787,0.837705850881262,0.1937364397634389,11.385127984710238
994,29800,0.838303811351523,0.1928849498939873,11.394238528579681
995,29808,0.838677894576223,0.19235287643451215,11.399938071942426
996,29820,0.839255630281844,0.19153207189587018,11.408689466291957
997,29829,0.839663763855324,0.1909529064449449,11.414850629316925
998,29841,0.840223022727154,0.19016019907934667,11.423293171921605
999,29850,0.840647873251371,0.18955871039357208,11.429706693158362
1000,29860,0.8411086267711,0.18890707831503528,11.436662204132809
1001,29871,0.841641599105989,0.18815419896333885,11.444707926554138
1002,29880,0.842062383505391,0.18756047008908805,11.451060065783894
1003,29892,0.842623997775512,0.1867689534596133,11.459465506853201
1004,29899,0.84295520061782,0.18630266385103078,11.464419281279108
1005,29913,0.843622891057049,0.18536375743314926,11.474405873783036
1006,29919,0.843895476076246,0.18498087541548802,11.478482906116362
1007,29934,0.844596116826984,0.18399786605323754,11.488962333794477
1008,29953,0.845500539009559,0.18273135718094946,11.50246527808445
1009,29955,0.845598137206343,0.18259484736303278,11.503911580192757
1010,29972,0.846397959231727,0.18147732882968803,11.516109325796673
1011,29976,0.846588594284053,0.18121128344008075,11.519029052583564
1012,29990,0.847244336723652,0.18029706031091797,11.529072267316833
1013,29998,0.847605273760227,0.1797944526273474,11.534600303851612
1014,30010,0.848168555352047,0.17901093325127193,11.543227407483036
1015,30018,0.848559082011955,0.1784683249503085,11.549208475199894
1016,30030,0.849138656652357,0.17766396826449826,11.558003096915927
1017,30039,0.849560608401227,0.17707905723392958,11.564405906416285
1018,30049,0.85002478075335,0.1764362906146475,11.571449382723564
1019,30060,0.850552283726156,0.1757066780411587,11.579453854928735
1020,30069,0.85097383624312,0.17512426047644536,11.585850606376615
1021,30081,0.851538095573482,0.17434558148162926,11.594412829452557
1022,30089,0.851912609664424,0.17382932081954872,11.600080666579082
1023,30103,0.852565406006826,0.1729305375920842,11.609894690961173
1024,30108,0.852800989506582,0.17260651934583837,11.613436411495499
1025,30124,0.853572105660155,0.17154718783435086,11.625029234924524
1026,30125,0.853613930315508,0.17148978535341564,11.625658019371892
